{
 "cells": [
  {
   "cell_type": "markdown",
   "metadata": {},
   "source": [
    "# Analyzer"
   ]
  },
  {
   "cell_type": "code",
   "execution_count": 1,
   "metadata": {},
   "outputs": [],
   "source": [
    "from pymbar import timeseries\n",
    "from pymbar import MBAR\n",
    "from perses.analysis import utils\n",
    "import os\n",
    "from openmmtools.multistate import MultiStateReporter, MultiStateSamplerAnalyzer\n",
    "import networkx as nx\n",
    "from itertools import combinations \n",
    "import time"
   ]
  },
  {
   "cell_type": "code",
   "execution_count": 2,
   "metadata": {},
   "outputs": [],
   "source": [
    "phases = ['vac', 'sol']\n",
    "residues = ['ALA', 'CYS', 'SER', 'THR']\n",
    "graphs = {phase: nx.DiGraph(title = f'{phase} thermocycle') for phase in phases}\n",
    "for graph in graphs.values():\n",
    "    for residue in residues:\n",
    "        graph.add_node(residue)"
   ]
  },
  {
   "cell_type": "code",
   "execution_count": null,
   "metadata": {},
   "outputs": [],
   "source": [
    "for phase in phases:\n",
    "    graph = graphs[phase]\n",
    "    for peptide_transform in combinations(residues, 2):\n",
    "        for direct in [peptide_transform, peptide_transform[::-1]]:\n",
    "            try:\n",
    "                reporter = MultiStateReporter(f\"{direct[0]}_{direct[1]}.{phase}.default_map.nc\")\n",
    "                analyzer = MultiStateSamplerAnalyzer(reporter)\n",
    "                f_ij, df_ij = analyzer.get_free_energy()\n",
    "                dg = f_ij[0,-1]\n",
    "                ddg = df_ij[0,-1]**2\n",
    "                graph.add_edge(*direct, dg = dg, ddg = ddg)\n",
    "                \n",
    "            except Exception as e:\n",
    "                print(e)\n",
    "            time.sleep(3)"
   ]
  },
  {
   "cell_type": "code",
   "execution_count": null,
   "metadata": {},
   "outputs": [],
   "source": [
    "graphs\n",
    "for graph in graphs.values():\n",
    "    for edge in graph.edges(data = True):\n",
    "        _dict = edge[2]\n",
    "        _dict.update({key: \"{0:.2f}\".format(val) for key, val in _dict.items()})"
   ]
  },
  {
   "cell_type": "code",
   "execution_count": null,
   "metadata": {},
   "outputs": [],
   "source": [
    "graphs['sol'].edges(data = True)"
   ]
  },
  {
   "cell_type": "code",
   "execution_count": 6,
   "metadata": {},
   "outputs": [],
   "source": [
    "%matplotlib inline\n",
    "\n",
    "import matplotlib\n",
    "import numpy as np\n",
    "import matplotlib.pyplot as plt"
   ]
  },
  {
   "cell_type": "code",
   "execution_count": null,
   "metadata": {},
   "outputs": [],
   "source": [
    "G = graphs['sol']\n",
    "pos = nx.circular_layout(G)\n",
    "\n",
    "\n",
    "nx.draw_networkx(G,\n",
    "                 pos = pos,\n",
    "                 arrowsize = 20,\n",
    "                 node_size = 1000,\n",
    "                 node_color = 'lightsteelblue')\n",
    "plt.savefig(f\"thermocycle.png\")"
   ]
  },
  {
   "cell_type": "code",
   "execution_count": null,
   "metadata": {},
   "outputs": [],
   "source": [
    "from IPython.display import display, HTML\n",
    "import pandas as pd"
   ]
  },
  {
   "cell_type": "code",
   "execution_count": null,
   "metadata": {},
   "outputs": [],
   "source": [
    "# students = [ ('jack', 34, 'Sydeny' , 'Australia') ,\n",
    "#              ('Riti', 30, 'Delhi' , 'India' ) ,\n",
    "#              ('Vikas', 31, 'Mumbai' , 'India' ) ,\n",
    "#              ('Neelu', 32, 'Bangalore' , 'India' ) ,\n",
    "#              ('John', 16, 'New York' , 'US') ,\n",
    "#              ('Mike', 17, 'las vegas' , 'US')  ]\n",
    "\n",
    "free_energies = []\n",
    "indices = []\n",
    "for edge_sol, edge_vac in zip(graphs['sol'].edges(data = True), graphs['sol'].edges(data = True)):\n",
    "    a,b, sol_dg, sol_ddg = edge_sol[0], edge_sol[1], float(edge_sol[2]['dg']), float(edge_sol[2]['ddg'])\n",
    "    vac_dg, vac_ddg = float(graphs['vac'].edges[a, b]['dg']), float(graphs['vac'].edges[a, b]['ddg'])\n",
    "    dg = sol_dg - vac_dg\n",
    "    ddg = sol_ddg + vac_ddg\n",
    "    indices.append((a,b)) \n",
    "    free_energies.append((sol_dg, sol_ddg, vac_dg, vac_ddg, dg, ddg))\n",
    "\n",
    "dg_dict = {index : entry for index, entry in zip(indices, free_energies)}\n",
    "\n",
    "fb_indices = []\n",
    "fb_free_energies = []\n",
    "for peptide_transform in combinations(residues, 2):\n",
    "    forward, backward = dg_dict[peptide_transform], dg_dict[peptide_transform[::-1]]\n",
    "    tup = (forward[0] + backward[0], forward[2] + backward[2], forward[4] + backward[4])\n",
    "    fb_indices.append(peptide_transform)\n",
    "    fb_free_energies.append(tup)\n",
    "\n",
    "\n",
    "df_sol = pd.DataFrame(free_energies, columns = ['solvent dG', 'solvent ddG', 'vacuum dG', 'vacuum ddG', 'solvation dG', 'solvation ddG'], index = indices)\n",
    "fb = pd.DataFrame(fb_free_energies, columns = ['solvent discrepancy', 'vacuum discrepancy', 'solvation energy discrepancy'], index = fb_indices)"
   ]
  },
  {
   "cell_type": "code",
   "execution_count": null,
   "metadata": {},
   "outputs": [],
   "source": [
    "display(df_sol)"
   ]
  },
  {
   "cell_type": "code",
   "execution_count": null,
   "metadata": {},
   "outputs": [],
   "source": [
    "display(fb)"
   ]
  },
  {
   "cell_type": "code",
   "execution_count": null,
   "metadata": {},
   "outputs": [],
   "source": [
    "dg_dict"
   ]
  },
  {
   "cell_type": "code",
   "execution_count": null,
   "metadata": {},
   "outputs": [],
   "source": [
    "tricycles = combinations(residues, 3)\n",
    "tricycle_list = []\n",
    "for triplet in tricycles:\n",
    "    loop = [(i, j) for i, j in [triplet[:2], triplet[1:3], [triplet[2], triplet[0]]]]\n",
    "    rev_loop = [i[::-1] for i in loop]\n",
    "    dg = 0\n",
    "    rev_dg = 0\n",
    "    for edge in loop:\n",
    "        dg += dg_dict[edge][4]\n",
    "    for edge in rev_loop:\n",
    "        rev_dg += dg_dict[edge][4]\n",
    "    \n",
    "    forward_graph = nx.DiGraph(title = dg)\n",
    "    for edge in loop:\n",
    "        forward_graph.add_edge(edge[0], edge[1])\n",
    "    \n",
    "    reverse_graph = nx.DiGraph(title = rev_dg)\n",
    "    for edge in rev_loop:\n",
    "        reverse_graph.add_edge(edge[0], edge[1])\n",
    "    tricycle_list.append((forward_graph, reverse_graph))"
   ]
  },
  {
   "cell_type": "code",
   "execution_count": null,
   "metadata": {},
   "outputs": [],
   "source": [
    "for tup in tricycle_list:\n",
    "    fwd_graph, rev_graph = tup\n",
    "    fwd_pos = nx.circular_layout(fwd_graph)\n",
    "    rev_pos = nx.circular_layout(rev_graph)\n",
    "\n",
    "\n",
    "    nx.draw_networkx(fwd_graph,\n",
    "                     pos = fwd_pos,\n",
    "                     arrowsize = 20,\n",
    "                     node_size = 1000,\n",
    "                     node_color = 'lightsteelblue',\n",
    "                     label = fwd_graph.graph['title'])\n",
    "    plt.savefig(f\"{tup[0]}.png\")\n",
    "    nx.draw_networkx(rev_graph,\n",
    "                 pos = rev_pos,\n",
    "                 arrowsize = 20,\n",
    "                 node_size = 1000,\n",
    "                 node_color = 'lightsteelblue',\n",
    "                 label = rev_graph.graph['title'])\n",
    "    plt.savefig(f\"{tup[1]}.png\")\n",
    "    "
   ]
  },
  {
   "cell_type": "code",
   "execution_count": 5,
   "metadata": {},
   "outputs": [],
   "source": [
    "from perses.analysis import utils"
   ]
  },
  {
   "cell_type": "markdown",
   "metadata": {},
   "source": [
    "## we are going to look at a timeseries..."
   ]
  },
  {
   "cell_type": "code",
   "execution_count": null,
   "metadata": {},
   "outputs": [
    {
     "name": "stderr",
     "output_type": "stream",
     "text": [
      "/home/dominic/anaconda3/envs/openmm/lib/python3.6/site-packages/openmmtools-0.18.3-py3.6-linux-x86_64.egg/openmmtools/multistate/multistatereporter.py:116: UserWarning: Warning: The openmmtools.multistate API is experimental and may change in future releases\n",
      "  warnings.warn('Warning: The openmmtools.multistate API is experimental and may change in future releases')\n",
      "/home/dominic/anaconda3/envs/openmm/lib/python3.6/site-packages/openmmtools-0.18.3-py3.6-linux-x86_64.egg/openmmtools/multistate/multistateanalyzer.py:1175: UserWarning: Warning: The openmmtools.multistate API is experimental and may change in future releases\n",
      "  warnings.warn('Warning: The openmmtools.multistate API is experimental and may change in future releases')\n",
      "Could not locate checkpoint subfile. This is okay for analysis if the solvent trajectory is not needed, but not for production simulation!\n",
      "DEBUG:openmmtools.multistate.multistateanalyzer:Isolating restraint force...\n",
      "DEBUG:openmmtools.multistate.multistateanalyzer:No force of type <class 'openmmtools.forces.RadiallySymmetricRestraintForce'> could be found. The restraint will not be unbiased.\n",
      "DEBUG:openmmtools.multistate.multistateanalyzer:Reading energies...\n",
      "DEBUG:openmmtools.multistate.multistatereporter:read_replica_thermodynamic_states: iteration = [    0     1     2 ...  9998  9999 10000]\n",
      "DEBUG:openmmtools.multistate.multistateanalyzer:Done.\n",
      "DEBUG:openmmtools.multistate.multistateanalyzer:Assembling effective timeseries...\n",
      "DEBUG:openmmtools.multistate.multistateanalyzer:Done.\n",
      "DEBUG:openmmtools.multistate.multistateanalyzer:Could not find t0: None of the requested keys could be found on disk!\n",
      "DEBUG:openmmtools.multistate.multistateanalyzer:Equilibration data:\n",
      "DEBUG:openmmtools.multistate.multistateanalyzer: number of iterations discarded to equilibration : 1\n",
      "DEBUG:openmmtools.multistate.multistateanalyzer: statistical inefficiency of production region   : 1\n",
      "DEBUG:openmmtools.multistate.multistateanalyzer: effective number of uncorrelated samples        : 1\n",
      "DEBUG:openmmtools.multistate.multistateanalyzer:Assembling uncorrelated energies...\n",
      "DEBUG:openmmtools.multistate.multistateanalyzer:Done.\n",
      "DEBUG:openmmtools.multistate.multistateanalyzer:Computing free energy differences...\n",
      "DEBUG:openmmtools.multistate.multistateanalyzer:Done.\n",
      "DEBUG:openmmtools.multistate.multistateanalyzer:Computing covariance matrix...\n",
      "DEBUG:openmmtools.multistate.multistateanalyzer:Deltaf_ij:\n",
      "DEBUG:openmmtools.multistate.multistateanalyzer:   0.000  -0.787  -1.456  -2.169  -2.982  -3.845  -1.332   0.738   2.434   3.936   5.344\n",
      "DEBUG:openmmtools.multistate.multistateanalyzer:   0.787   0.000  -0.670  -1.382  -2.196  -3.059  -0.545   1.525   3.220   4.723   6.130\n",
      "DEBUG:openmmtools.multistate.multistateanalyzer:   1.456   0.670   0.000  -0.712  -1.526  -2.389   0.125   2.194   3.890   5.393   6.800\n",
      "DEBUG:openmmtools.multistate.multistateanalyzer:   2.169   1.382   0.712   0.000  -0.813  -1.677   0.837   2.907   4.603   6.105   7.513\n",
      "DEBUG:openmmtools.multistate.multistateanalyzer:   2.982   2.196   1.526   0.813   0.000  -0.863   1.651   3.720   5.416   6.919   8.326\n",
      "DEBUG:openmmtools.multistate.multistateanalyzer:   3.845   3.059   2.389   1.677   0.863   0.000   2.514   4.583   6.279   7.782   9.189\n",
      "DEBUG:openmmtools.multistate.multistateanalyzer:   1.332   0.545  -0.125  -0.837  -1.651  -2.514   0.000   2.070   3.765   5.268   6.676\n",
      "DEBUG:openmmtools.multistate.multistateanalyzer:  -0.738  -1.525  -2.194  -2.907  -3.720  -4.583  -2.070   0.000   1.696   3.199   4.606\n",
      "DEBUG:openmmtools.multistate.multistateanalyzer:  -2.434  -3.220  -3.890  -4.603  -5.416  -6.279  -3.765  -1.696   0.000   1.503   2.910\n",
      "DEBUG:openmmtools.multistate.multistateanalyzer:  -3.936  -4.723  -5.393  -6.105  -6.919  -7.782  -5.268  -3.199  -1.503   0.000   1.407\n",
      "DEBUG:openmmtools.multistate.multistateanalyzer:  -5.344  -6.130  -6.800  -7.513  -8.326  -9.189  -6.676  -4.606  -2.910  -1.407   0.000\n",
      "DEBUG:openmmtools.multistate.multistateanalyzer:dDeltaf_ij:\n",
      "DEBUG:openmmtools.multistate.multistateanalyzer:   0.000   0.045   0.120   0.226   0.308   0.389   0.569   0.797   0.943   1.041   1.142\n",
      "DEBUG:openmmtools.multistate.multistateanalyzer:   0.045   0.000   0.077   0.184   0.266   0.348   0.535   0.769   0.919   1.018   1.122\n",
      "DEBUG:openmmtools.multistate.multistateanalyzer:   0.120   0.077   0.000   0.108   0.189   0.272   0.474   0.720   0.875   0.979   1.086\n",
      "DEBUG:openmmtools.multistate.multistateanalyzer:   0.226   0.184   0.108   0.000   0.086   0.172   0.401   0.663   0.825   0.934   1.046\n",
      "DEBUG:openmmtools.multistate.multistateanalyzer:   0.308   0.266   0.189   0.086   0.000   0.087   0.343   0.615   0.783   0.897   1.014\n",
      "DEBUG:openmmtools.multistate.multistateanalyzer:   0.389   0.348   0.272   0.172   0.087   0.000   0.293   0.571   0.744   0.863   0.985\n",
      "DEBUG:openmmtools.multistate.multistateanalyzer:   0.569   0.535   0.474   0.401   0.343   0.293   0.000   0.289   0.482   0.629   0.782\n",
      "DEBUG:openmmtools.multistate.multistateanalyzer:   0.797   0.769   0.720   0.663   0.615   0.571   0.289   0.000   0.210   0.390   0.578\n",
      "DEBUG:openmmtools.multistate.multistateanalyzer:   0.943   0.919   0.875   0.825   0.783   0.744   0.482   0.210   0.000   0.196   0.403\n",
      "DEBUG:openmmtools.multistate.multistateanalyzer:   1.041   1.018   0.979   0.934   0.897   0.863   0.629   0.390   0.196   0.000   0.213\n",
      "DEBUG:openmmtools.multistate.multistateanalyzer:   1.142   1.122   1.086   1.046   1.014   0.985   0.782   0.578   0.403   0.213   0.000\n",
      "/home/dominic/anaconda3/envs/openmm/lib/python3.6/site-packages/openmmtools-0.18.3-py3.6-linux-x86_64.egg/openmmtools/multistate/multistateanalyzer.py:1175: UserWarning: Warning: The openmmtools.multistate API is experimental and may change in future releases\n",
      "  warnings.warn('Warning: The openmmtools.multistate API is experimental and may change in future releases')\n",
      "DEBUG:openmmtools.multistate.multistateanalyzer:Checking if we need to unbias the restraint...\n",
      "DEBUG:openmmtools.multistate.multistateanalyzer:Trying to get radially symmetric restraint data...\n",
      "DEBUG:openmmtools.multistate.multistateanalyzer:Retrieving end thermodynamic states...\n",
      "DEBUG:openmmtools.multistate.multistateanalyzer:Isolating restraint force...\n",
      "DEBUG:openmmtools.multistate.multistateanalyzer:No force of type <class 'openmmtools.forces.RadiallySymmetricRestraintForce'> could be found. The restraint will not be unbiased.\n",
      "DEBUG:openmmtools.multistate.multistateanalyzer:Reading energies...\n",
      "DEBUG:openmmtools.multistate.multistatereporter:read_replica_thermodynamic_states: iteration = [    0     1     2 ...  9998  9999 10000]\n",
      "DEBUG:openmmtools.multistate.multistateanalyzer:Done.\n",
      "DEBUG:openmmtools.multistate.multistateanalyzer:Assembling effective timeseries...\n",
      "DEBUG:openmmtools.multistate.multistateanalyzer:Done.\n",
      "DEBUG:openmmtools.multistate.multistateanalyzer:Could not find t0: None of the requested keys could be found on disk!\n",
      "DEBUG:openmmtools.multistate.multistateanalyzer:Equilibration data:\n",
      "DEBUG:openmmtools.multistate.multistateanalyzer: number of iterations discarded to equilibration : 2\n",
      "DEBUG:openmmtools.multistate.multistateanalyzer: statistical inefficiency of production region   : 2.0719234943389893\n",
      "DEBUG:openmmtools.multistate.multistateanalyzer: effective number of uncorrelated samples        : 14.961942672729492\n",
      "DEBUG:openmmtools.multistate.multistateanalyzer:Assembling uncorrelated energies...\n",
      "DEBUG:openmmtools.multistate.multistateanalyzer:Done.\n",
      "DEBUG:openmmtools.multistate.multistateanalyzer:Computing free energy differences...\n",
      "DEBUG:openmmtools.multistate.multistateanalyzer:Done.\n",
      "DEBUG:openmmtools.multistate.multistateanalyzer:Computing covariance matrix...\n",
      "DEBUG:openmmtools.multistate.multistateanalyzer:Deltaf_ij:\n",
      "DEBUG:openmmtools.multistate.multistateanalyzer:   0.000  -0.903  -0.798  -0.850  -1.993  -3.435   0.273   3.367   5.731   7.548   8.966\n",
      "DEBUG:openmmtools.multistate.multistateanalyzer:   0.903   0.000   0.105   0.053  -1.090  -2.532   1.176   4.270   6.634   8.451   9.870\n",
      "DEBUG:openmmtools.multistate.multistateanalyzer:   0.798  -0.105   0.000  -0.052  -1.195  -2.637   1.071   4.165   6.529   8.346   9.765\n",
      "DEBUG:openmmtools.multistate.multistateanalyzer:   0.850  -0.053   0.052   0.000  -1.143  -2.585   1.123   4.217   6.581   8.398   9.817\n",
      "DEBUG:openmmtools.multistate.multistateanalyzer:   1.993   1.090   1.195   1.143   0.000  -1.442   2.266   5.360   7.724   9.541  10.960\n",
      "DEBUG:openmmtools.multistate.multistateanalyzer:   3.435   2.532   2.637   2.585   1.442   0.000   3.708   6.802   9.166  10.983  12.402\n",
      "DEBUG:openmmtools.multistate.multistateanalyzer:  -0.273  -1.176  -1.071  -1.123  -2.266  -3.708   0.000   3.094   5.458   7.275   8.694\n",
      "DEBUG:openmmtools.multistate.multistateanalyzer:  -3.367  -4.270  -4.165  -4.217  -5.360  -6.802  -3.094   0.000   2.364   4.181   5.600\n",
      "DEBUG:openmmtools.multistate.multistateanalyzer:  -5.731  -6.634  -6.529  -6.581  -7.724  -9.166  -5.458  -2.364   0.000   1.817   3.236\n",
      "DEBUG:openmmtools.multistate.multistateanalyzer:  -7.548  -8.451  -8.346  -8.398  -9.541 -10.983  -7.275  -4.181  -1.817   0.000   1.418\n",
      "DEBUG:openmmtools.multistate.multistateanalyzer:  -8.966  -9.870  -9.765  -9.817 -10.960 -12.402  -8.694  -5.600  -3.236  -1.418   0.000\n",
      "DEBUG:openmmtools.multistate.multistateanalyzer:dDeltaf_ij:\n",
      "DEBUG:openmmtools.multistate.multistateanalyzer:   0.000   0.063   0.192   0.326   0.365   0.382   0.384   0.410   0.457   0.501   0.541\n",
      "DEBUG:openmmtools.multistate.multistateanalyzer:   0.063   0.000   0.145   0.298   0.339   0.358   0.360   0.388   0.437   0.483   0.525\n",
      "DEBUG:openmmtools.multistate.multistateanalyzer:   0.192   0.145   0.000   0.191   0.244   0.267   0.271   0.307   0.367   0.421   0.468\n",
      "DEBUG:openmmtools.multistate.multistateanalyzer:   0.326   0.298   0.191   0.000   0.070   0.109   0.124   0.193   0.280   0.347   0.403\n",
      "DEBUG:openmmtools.multistate.multistateanalyzer:   0.365   0.339   0.244   0.070   0.000   0.046   0.089   0.178   0.270   0.340   0.397\n",
      "DEBUG:openmmtools.multistate.multistateanalyzer:   0.382   0.358   0.267   0.109   0.046   0.000   0.088   0.181   0.273   0.342   0.399\n",
      "DEBUG:openmmtools.multistate.multistateanalyzer:   0.384   0.360   0.271   0.124   0.089   0.088   0.000   0.105   0.214   0.294   0.358\n",
      "DEBUG:openmmtools.multistate.multistateanalyzer:   0.410   0.388   0.307   0.193   0.178   0.181   0.105   0.000   0.120   0.215   0.293\n",
      "DEBUG:openmmtools.multistate.multistateanalyzer:   0.457   0.437   0.367   0.280   0.270   0.273   0.214   0.120   0.000   0.107   0.205\n",
      "DEBUG:openmmtools.multistate.multistateanalyzer:   0.501   0.483   0.421   0.347   0.340   0.342   0.294   0.215   0.107   0.000   0.111\n",
      "DEBUG:openmmtools.multistate.multistateanalyzer:   0.541   0.525   0.468   0.403   0.397   0.399   0.358   0.293   0.205   0.111   0.000\n",
      "/home/dominic/anaconda3/envs/openmm/lib/python3.6/site-packages/openmmtools-0.18.3-py3.6-linux-x86_64.egg/openmmtools/multistate/multistateanalyzer.py:1175: UserWarning: Warning: The openmmtools.multistate API is experimental and may change in future releases\n",
      "  warnings.warn('Warning: The openmmtools.multistate API is experimental and may change in future releases')\n",
      "DEBUG:openmmtools.multistate.multistateanalyzer:Checking if we need to unbias the restraint...\n",
      "DEBUG:openmmtools.multistate.multistateanalyzer:Trying to get radially symmetric restraint data...\n",
      "DEBUG:openmmtools.multistate.multistateanalyzer:Retrieving end thermodynamic states...\n",
      "DEBUG:openmmtools.multistate.multistateanalyzer:Isolating restraint force...\n",
      "DEBUG:openmmtools.multistate.multistateanalyzer:No force of type <class 'openmmtools.forces.RadiallySymmetricRestraintForce'> could be found. The restraint will not be unbiased.\n",
      "DEBUG:openmmtools.multistate.multistateanalyzer:Reading energies...\n",
      "DEBUG:openmmtools.multistate.multistatereporter:read_replica_thermodynamic_states: iteration = [    0     1     2 ...  9998  9999 10000]\n",
      "DEBUG:openmmtools.multistate.multistateanalyzer:Done.\n",
      "DEBUG:openmmtools.multistate.multistateanalyzer:Assembling effective timeseries...\n",
      "DEBUG:openmmtools.multistate.multistateanalyzer:Done.\n",
      "DEBUG:openmmtools.multistate.multistateanalyzer:Could not find t0: None of the requested keys could be found on disk!\n",
      "DEBUG:openmmtools.multistate.multistateanalyzer:Equilibration data:\n",
      "DEBUG:openmmtools.multistate.multistateanalyzer: number of iterations discarded to equilibration : 2\n",
      "DEBUG:openmmtools.multistate.multistateanalyzer: statistical inefficiency of production region   : 2.1408309936523438\n",
      "DEBUG:openmmtools.multistate.multistateanalyzer: effective number of uncorrelated samples        : 28.493608474731445\n",
      "DEBUG:openmmtools.multistate.multistateanalyzer:Assembling uncorrelated energies...\n",
      "DEBUG:openmmtools.multistate.multistateanalyzer:Done.\n",
      "DEBUG:openmmtools.multistate.multistateanalyzer:Computing free energy differences...\n",
      "DEBUG:openmmtools.multistate.multistateanalyzer:Done.\n",
      "DEBUG:openmmtools.multistate.multistateanalyzer:Computing covariance matrix...\n",
      "DEBUG:openmmtools.multistate.multistateanalyzer:Deltaf_ij:\n",
      "DEBUG:openmmtools.multistate.multistateanalyzer:   0.000  -0.998  -0.981  -0.894  -2.040  -3.481   0.345   3.605   6.151   8.113   9.592\n",
      "DEBUG:openmmtools.multistate.multistateanalyzer:   0.998   0.000   0.017   0.104  -1.041  -2.483   1.343   4.603   7.149   9.111  10.590\n",
      "DEBUG:openmmtools.multistate.multistateanalyzer:   0.981  -0.017   0.000   0.086  -1.059  -2.500   1.326   4.586   7.132   9.094  10.573\n",
      "DEBUG:openmmtools.multistate.multistateanalyzer:   0.894  -0.104  -0.086   0.000  -1.145  -2.586   1.239   4.500   7.045   9.008  10.487\n",
      "DEBUG:openmmtools.multistate.multistateanalyzer:   2.040   1.041   1.059   1.145   0.000  -1.441   2.384   5.645   8.190  10.153  11.632\n",
      "DEBUG:openmmtools.multistate.multistateanalyzer:   3.481   2.483   2.500   2.586   1.441   0.000   3.825   7.086   9.632  11.594  13.073\n",
      "DEBUG:openmmtools.multistate.multistateanalyzer:  -0.345  -1.343  -1.326  -1.239  -2.384  -3.825   0.000   3.260   5.806   7.768   9.248\n",
      "DEBUG:openmmtools.multistate.multistateanalyzer:  -3.605  -4.603  -4.586  -4.500  -5.645  -7.086  -3.260   0.000   2.546   4.508   5.987\n",
      "DEBUG:openmmtools.multistate.multistateanalyzer:  -6.151  -7.149  -7.132  -7.045  -8.190  -9.632  -5.806  -2.546   0.000   1.962   3.441\n",
      "DEBUG:openmmtools.multistate.multistateanalyzer:  -8.113  -9.111  -9.094  -9.008 -10.153 -11.594  -7.768  -4.508  -1.962   0.000   1.479\n",
      "DEBUG:openmmtools.multistate.multistateanalyzer:  -9.592 -10.590 -10.573 -10.487 -11.632 -13.073  -9.248  -5.987  -3.441  -1.479   0.000\n",
      "DEBUG:openmmtools.multistate.multistateanalyzer:dDeltaf_ij:\n",
      "DEBUG:openmmtools.multistate.multistateanalyzer:   0.000   0.041   0.128   0.240   0.271   0.282   0.282   0.299   0.333   0.370   0.404\n",
      "DEBUG:openmmtools.multistate.multistateanalyzer:   0.041   0.000   0.094   0.221   0.253   0.265   0.266   0.283   0.319   0.358   0.393\n",
      "DEBUG:openmmtools.multistate.multistateanalyzer:   0.128   0.094   0.000   0.154   0.193   0.207   0.208   0.230   0.273   0.318   0.356\n",
      "DEBUG:openmmtools.multistate.multistateanalyzer:   0.240   0.221   0.154   0.000   0.053   0.077   0.086   0.133   0.199   0.257   0.303\n",
      "DEBUG:openmmtools.multistate.multistateanalyzer:   0.271   0.253   0.193   0.053   0.000   0.030   0.059   0.123   0.193   0.253   0.300\n",
      "DEBUG:openmmtools.multistate.multistateanalyzer:   0.282   0.265   0.207   0.077   0.030   0.000   0.057   0.124   0.195   0.254   0.301\n",
      "DEBUG:openmmtools.multistate.multistateanalyzer:   0.282   0.266   0.208   0.086   0.059   0.057   0.000   0.075   0.156   0.224   0.276\n",
      "DEBUG:openmmtools.multistate.multistateanalyzer:   0.299   0.283   0.230   0.133   0.123   0.124   0.075   0.000   0.091   0.170   0.232\n",
      "DEBUG:openmmtools.multistate.multistateanalyzer:   0.333   0.319   0.273   0.199   0.193   0.195   0.156   0.091   0.000   0.090   0.166\n",
      "DEBUG:openmmtools.multistate.multistateanalyzer:   0.370   0.358   0.318   0.257   0.253   0.254   0.224   0.170   0.090   0.000   0.090\n",
      "DEBUG:openmmtools.multistate.multistateanalyzer:   0.404   0.393   0.356   0.303   0.300   0.301   0.276   0.232   0.166   0.090   0.000\n",
      "/home/dominic/anaconda3/envs/openmm/lib/python3.6/site-packages/openmmtools-0.18.3-py3.6-linux-x86_64.egg/openmmtools/multistate/multistateanalyzer.py:1175: UserWarning: Warning: The openmmtools.multistate API is experimental and may change in future releases\n",
      "  warnings.warn('Warning: The openmmtools.multistate API is experimental and may change in future releases')\n",
      "DEBUG:openmmtools.multistate.multistateanalyzer:Checking if we need to unbias the restraint...\n",
      "DEBUG:openmmtools.multistate.multistateanalyzer:Trying to get radially symmetric restraint data...\n",
      "DEBUG:openmmtools.multistate.multistateanalyzer:Retrieving end thermodynamic states...\n",
      "DEBUG:openmmtools.multistate.multistateanalyzer:Isolating restraint force...\n",
      "DEBUG:openmmtools.multistate.multistateanalyzer:No force of type <class 'openmmtools.forces.RadiallySymmetricRestraintForce'> could be found. The restraint will not be unbiased.\n",
      "DEBUG:openmmtools.multistate.multistateanalyzer:Reading energies...\n",
      "DEBUG:openmmtools.multistate.multistatereporter:read_replica_thermodynamic_states: iteration = [    0     1     2 ...  9998  9999 10000]\n",
      "DEBUG:openmmtools.multistate.multistateanalyzer:Done.\n",
      "DEBUG:openmmtools.multistate.multistateanalyzer:Assembling effective timeseries...\n",
      "DEBUG:openmmtools.multistate.multistateanalyzer:Done.\n",
      "DEBUG:openmmtools.multistate.multistateanalyzer:Could not find t0: None of the requested keys could be found on disk!\n",
      "DEBUG:openmmtools.multistate.multistateanalyzer:Equilibration data:\n",
      "DEBUG:openmmtools.multistate.multistateanalyzer: number of iterations discarded to equilibration : 2\n",
      "DEBUG:openmmtools.multistate.multistateanalyzer: statistical inefficiency of production region   : 2.121224880218506\n",
      "DEBUG:openmmtools.multistate.multistateanalyzer: effective number of uncorrelated samples        : 42.899742126464844\n",
      "DEBUG:openmmtools.multistate.multistateanalyzer:Assembling uncorrelated energies...\n",
      "DEBUG:openmmtools.multistate.multistateanalyzer:Done.\n",
      "DEBUG:openmmtools.multistate.multistateanalyzer:Computing free energy differences...\n",
      "DEBUG:openmmtools.multistate.multistateanalyzer:Done.\n",
      "DEBUG:openmmtools.multistate.multistateanalyzer:Computing covariance matrix...\n",
      "DEBUG:openmmtools.multistate.multistateanalyzer:Deltaf_ij:\n",
      "DEBUG:openmmtools.multistate.multistateanalyzer:   0.000  -0.950  -0.894  -0.833  -1.961  -3.411   0.512   3.931   6.684   8.745  10.208\n",
      "DEBUG:openmmtools.multistate.multistateanalyzer:   0.950   0.000   0.056   0.117  -1.011  -2.461   1.462   4.881   7.634   9.695  11.158\n",
      "DEBUG:openmmtools.multistate.multistateanalyzer:   0.894  -0.056   0.000   0.061  -1.067  -2.517   1.406   4.825   7.578   9.640  11.102\n",
      "DEBUG:openmmtools.multistate.multistateanalyzer:   0.833  -0.117  -0.061   0.000  -1.129  -2.578   1.345   4.764   7.517   9.578  11.041\n",
      "DEBUG:openmmtools.multistate.multistateanalyzer:   1.961   1.011   1.067   1.129   0.000  -1.449   2.474   5.893   8.645  10.707  12.169\n",
      "DEBUG:openmmtools.multistate.multistateanalyzer:   3.411   2.461   2.517   2.578   1.449   0.000   3.923   7.342  10.095  12.156  13.619\n",
      "DEBUG:openmmtools.multistate.multistateanalyzer:  -0.512  -1.462  -1.406  -1.345  -2.474  -3.923   0.000   3.419   6.172   8.233   9.696\n",
      "DEBUG:openmmtools.multistate.multistateanalyzer:  -3.931  -4.881  -4.825  -4.764  -5.893  -7.342  -3.419   0.000   2.752   4.814   6.276\n",
      "DEBUG:openmmtools.multistate.multistateanalyzer:  -6.684  -7.634  -7.578  -7.517  -8.645 -10.095  -6.172  -2.752   0.000   2.062   3.524\n",
      "DEBUG:openmmtools.multistate.multistateanalyzer:  -8.745  -9.695  -9.640  -9.578 -10.707 -12.156  -8.233  -4.814  -2.062   0.000   1.462\n",
      "DEBUG:openmmtools.multistate.multistateanalyzer: -10.208 -11.158 -11.102 -11.041 -12.169 -13.619  -9.696  -6.276  -3.524  -1.462   0.000\n",
      "DEBUG:openmmtools.multistate.multistateanalyzer:dDeltaf_ij:\n",
      "DEBUG:openmmtools.multistate.multistateanalyzer:   0.000   0.038   0.114   0.192   0.218   0.228   0.229   0.241   0.267   0.302   0.333\n",
      "DEBUG:openmmtools.multistate.multistateanalyzer:   0.038   0.000   0.084   0.173   0.201   0.211   0.213   0.225   0.254   0.290   0.322\n",
      "DEBUG:openmmtools.multistate.multistateanalyzer:   0.114   0.084   0.000   0.113   0.148   0.161   0.163   0.180   0.214   0.256   0.292\n",
      "DEBUG:openmmtools.multistate.multistateanalyzer:   0.192   0.173   0.113   0.000   0.045   0.066   0.074   0.107   0.159   0.212   0.254\n",
      "DEBUG:openmmtools.multistate.multistateanalyzer:   0.218   0.201   0.148   0.045   0.000   0.025   0.047   0.094   0.152   0.207   0.250\n",
      "DEBUG:openmmtools.multistate.multistateanalyzer:   0.228   0.211   0.161   0.066   0.025   0.000   0.043   0.094   0.152   0.208   0.250\n",
      "DEBUG:openmmtools.multistate.multistateanalyzer:   0.229   0.213   0.163   0.074   0.047   0.043   0.000   0.057   0.124   0.186   0.233\n",
      "DEBUG:openmmtools.multistate.multistateanalyzer:   0.241   0.225   0.180   0.107   0.094   0.094   0.057   0.000   0.075   0.147   0.202\n",
      "DEBUG:openmmtools.multistate.multistateanalyzer:   0.267   0.254   0.214   0.159   0.152   0.152   0.124   0.075   0.000   0.082   0.149\n",
      "DEBUG:openmmtools.multistate.multistateanalyzer:   0.302   0.290   0.256   0.212   0.207   0.208   0.186   0.147   0.082   0.000   0.078\n",
      "DEBUG:openmmtools.multistate.multistateanalyzer:   0.333   0.322   0.292   0.254   0.250   0.250   0.233   0.202   0.149   0.078   0.000\n",
      "/home/dominic/anaconda3/envs/openmm/lib/python3.6/site-packages/openmmtools-0.18.3-py3.6-linux-x86_64.egg/openmmtools/multistate/multistateanalyzer.py:1175: UserWarning: Warning: The openmmtools.multistate API is experimental and may change in future releases\n",
      "  warnings.warn('Warning: The openmmtools.multistate API is experimental and may change in future releases')\n",
      "DEBUG:openmmtools.multistate.multistateanalyzer:Checking if we need to unbias the restraint...\n",
      "DEBUG:openmmtools.multistate.multistateanalyzer:Trying to get radially symmetric restraint data...\n",
      "DEBUG:openmmtools.multistate.multistateanalyzer:Retrieving end thermodynamic states...\n",
      "DEBUG:openmmtools.multistate.multistateanalyzer:Isolating restraint force...\n",
      "DEBUG:openmmtools.multistate.multistateanalyzer:No force of type <class 'openmmtools.forces.RadiallySymmetricRestraintForce'> could be found. The restraint will not be unbiased.\n",
      "DEBUG:openmmtools.multistate.multistateanalyzer:Reading energies...\n",
      "DEBUG:openmmtools.multistate.multistatereporter:read_replica_thermodynamic_states: iteration = [    0     1     2 ...  9998  9999 10000]\n",
      "DEBUG:openmmtools.multistate.multistateanalyzer:Done.\n",
      "DEBUG:openmmtools.multistate.multistateanalyzer:Assembling effective timeseries...\n",
      "DEBUG:openmmtools.multistate.multistateanalyzer:Done.\n",
      "DEBUG:openmmtools.multistate.multistateanalyzer:Could not find t0: None of the requested keys could be found on disk!\n",
      "DEBUG:openmmtools.multistate.multistateanalyzer:Equilibration data:\n",
      "DEBUG:openmmtools.multistate.multistateanalyzer: number of iterations discarded to equilibration : 2\n",
      "DEBUG:openmmtools.multistate.multistateanalyzer: statistical inefficiency of production region   : 2.2286832332611084\n",
      "DEBUG:openmmtools.multistate.multistateanalyzer: effective number of uncorrelated samples        : 54.29214859008789\n",
      "DEBUG:openmmtools.multistate.multistateanalyzer:Assembling uncorrelated energies...\n",
      "DEBUG:openmmtools.multistate.multistateanalyzer:Done.\n",
      "DEBUG:openmmtools.multistate.multistateanalyzer:Computing free energy differences...\n",
      "DEBUG:openmmtools.multistate.multistateanalyzer:Done.\n",
      "DEBUG:openmmtools.multistate.multistateanalyzer:Computing covariance matrix...\n",
      "DEBUG:openmmtools.multistate.multistateanalyzer:Deltaf_ij:\n",
      "DEBUG:openmmtools.multistate.multistateanalyzer:   0.000  -0.919  -0.825  -0.895  -2.099  -3.596   0.374   3.886   6.761   8.946  10.455\n",
      "DEBUG:openmmtools.multistate.multistateanalyzer:   0.919   0.000   0.093   0.023  -1.181  -2.677   1.293   4.805   7.680   9.865  11.374\n",
      "DEBUG:openmmtools.multistate.multistateanalyzer:   0.825  -0.093   0.000  -0.070  -1.274  -2.771   1.200   4.712   7.586   9.771  11.280\n",
      "DEBUG:openmmtools.multistate.multistateanalyzer:   0.895  -0.023   0.070   0.000  -1.204  -2.701   1.270   4.781   7.656   9.841  11.350\n",
      "DEBUG:openmmtools.multistate.multistateanalyzer:   2.099   1.181   1.274   1.204   0.000  -1.497   2.474   5.985   8.860  11.045  12.554\n",
      "DEBUG:openmmtools.multistate.multistateanalyzer:   3.596   2.677   2.771   2.701   1.497   0.000   3.970   7.482  10.357  12.542  14.051\n",
      "DEBUG:openmmtools.multistate.multistateanalyzer:  -0.374  -1.293  -1.200  -1.270  -2.474  -3.970   0.000   3.512   6.387   8.572  10.081\n",
      "DEBUG:openmmtools.multistate.multistateanalyzer:  -3.886  -4.805  -4.712  -4.781  -5.985  -7.482  -3.512   0.000   2.875   5.060   6.569\n",
      "DEBUG:openmmtools.multistate.multistateanalyzer:  -6.761  -7.680  -7.586  -7.656  -8.860 -10.357  -6.387  -2.875   0.000   2.185   3.694\n",
      "DEBUG:openmmtools.multistate.multistateanalyzer:  -8.946  -9.865  -9.771  -9.841 -11.045 -12.542  -8.572  -5.060  -2.185   0.000   1.509\n",
      "DEBUG:openmmtools.multistate.multistateanalyzer: -10.455 -11.374 -11.280 -11.350 -12.554 -14.051 -10.081  -6.569  -3.694  -1.509   0.000\n",
      "DEBUG:openmmtools.multistate.multistateanalyzer:dDeltaf_ij:\n",
      "DEBUG:openmmtools.multistate.multistateanalyzer:   0.000   0.034   0.110   0.180   0.201   0.209   0.210   0.219   0.241   0.271   0.302\n",
      "DEBUG:openmmtools.multistate.multistateanalyzer:   0.034   0.000   0.083   0.162   0.185   0.193   0.194   0.204   0.228   0.259   0.291\n",
      "DEBUG:openmmtools.multistate.multistateanalyzer:   0.110   0.083   0.000   0.101   0.131   0.142   0.144   0.157   0.187   0.224   0.260\n",
      "DEBUG:openmmtools.multistate.multistateanalyzer:   0.180   0.162   0.101   0.000   0.039   0.056   0.063   0.091   0.137   0.185   0.227\n",
      "DEBUG:openmmtools.multistate.multistateanalyzer:   0.201   0.185   0.131   0.039   0.000   0.022   0.040   0.079   0.130   0.180   0.223\n",
      "DEBUG:openmmtools.multistate.multistateanalyzer:   0.209   0.193   0.142   0.056   0.022   0.000   0.036   0.079   0.131   0.181   0.224\n",
      "DEBUG:openmmtools.multistate.multistateanalyzer:   0.210   0.194   0.144   0.063   0.040   0.036   0.000   0.049   0.107   0.163   0.209\n",
      "DEBUG:openmmtools.multistate.multistateanalyzer:   0.219   0.204   0.157   0.091   0.079   0.079   0.049   0.000   0.065   0.130   0.183\n",
      "DEBUG:openmmtools.multistate.multistateanalyzer:   0.241   0.228   0.187   0.137   0.130   0.131   0.107   0.065   0.000   0.074   0.140\n",
      "DEBUG:openmmtools.multistate.multistateanalyzer:   0.271   0.259   0.224   0.185   0.180   0.181   0.163   0.130   0.074   0.000   0.075\n",
      "DEBUG:openmmtools.multistate.multistateanalyzer:   0.302   0.291   0.260   0.227   0.223   0.224   0.209   0.183   0.140   0.075   0.000\n",
      "/home/dominic/anaconda3/envs/openmm/lib/python3.6/site-packages/openmmtools-0.18.3-py3.6-linux-x86_64.egg/openmmtools/multistate/multistateanalyzer.py:1175: UserWarning: Warning: The openmmtools.multistate API is experimental and may change in future releases\n",
      "  warnings.warn('Warning: The openmmtools.multistate API is experimental and may change in future releases')\n",
      "DEBUG:openmmtools.multistate.multistateanalyzer:Checking if we need to unbias the restraint...\n",
      "DEBUG:openmmtools.multistate.multistateanalyzer:Trying to get radially symmetric restraint data...\n",
      "DEBUG:openmmtools.multistate.multistateanalyzer:Retrieving end thermodynamic states...\n",
      "DEBUG:openmmtools.multistate.multistateanalyzer:Isolating restraint force...\n",
      "DEBUG:openmmtools.multistate.multistateanalyzer:No force of type <class 'openmmtools.forces.RadiallySymmetricRestraintForce'> could be found. The restraint will not be unbiased.\n",
      "DEBUG:openmmtools.multistate.multistateanalyzer:Reading energies...\n",
      "DEBUG:openmmtools.multistate.multistatereporter:read_replica_thermodynamic_states: iteration = [    0     1     2 ...  9998  9999 10000]\n",
      "DEBUG:openmmtools.multistate.multistateanalyzer:Done.\n",
      "DEBUG:openmmtools.multistate.multistateanalyzer:Assembling effective timeseries...\n",
      "DEBUG:openmmtools.multistate.multistateanalyzer:Done.\n",
      "DEBUG:openmmtools.multistate.multistateanalyzer:Could not find t0: None of the requested keys could be found on disk!\n",
      "DEBUG:openmmtools.multistate.multistateanalyzer:Equilibration data:\n",
      "DEBUG:openmmtools.multistate.multistateanalyzer: number of iterations discarded to equilibration : 2\n",
      "DEBUG:openmmtools.multistate.multistateanalyzer: statistical inefficiency of production region   : 2.2066807746887207\n",
      "DEBUG:openmmtools.multistate.multistateanalyzer: effective number of uncorrelated samples        : 68.4285659790039\n",
      "DEBUG:openmmtools.multistate.multistateanalyzer:Assembling uncorrelated energies...\n",
      "DEBUG:openmmtools.multistate.multistateanalyzer:Done.\n",
      "DEBUG:openmmtools.multistate.multistateanalyzer:Computing free energy differences...\n",
      "DEBUG:openmmtools.multistate.multistateanalyzer:Done.\n",
      "DEBUG:openmmtools.multistate.multistateanalyzer:Computing covariance matrix...\n",
      "DEBUG:openmmtools.multistate.multistateanalyzer:Deltaf_ij:\n",
      "DEBUG:openmmtools.multistate.multistateanalyzer:   0.000  -0.905  -0.671  -0.683  -1.891  -3.367   0.557   4.028   6.886   9.069  10.516\n",
