{
 "cells": [
  {
   "cell_type": "markdown",
   "metadata": {},
   "source": [
    "# Analyzer"
   ]
  },
  {
   "cell_type": "code",
   "execution_count": 18,
   "metadata": {},
   "outputs": [],
   "source": [
    "from pymbar import timeseries\n",
    "from pymbar import MBAR\n",
    "from perses.analysis import utils\n",
    "import os\n",
    "from openmmtools.multistate import MultiStateReporter, MultiStateSamplerAnalyzer\n",
    "import networkx as nx\n",
    "from itertools import combinations \n",
    "import time"
   ]
  },
  {
   "cell_type": "code",
   "execution_count": 19,
   "metadata": {},
   "outputs": [],
   "source": [
    "phases = ['vac', 'sol']\n",
    "residues = ['ALA', 'CYS', 'SER', 'THR']\n",
    "graphs = {phase: nx.DiGraph(title = f'{phase} thermocycle') for phase in phases}\n",
    "for graph in graphs.values():\n",
    "    for residue in residues:\n",
    "        graph.add_node(residue)"
   ]
  },
  {
   "cell_type": "code",
   "execution_count": 20,
   "metadata": {},
   "outputs": [
    {
     "name": "stderr",
     "output_type": "stream",
     "text": [
      "/home/dominic/anaconda3/envs/openmm/lib/python3.6/site-packages/openmmtools-0.18.3-py3.6-linux-x86_64.egg/openmmtools/multistate/multistatereporter.py:116: UserWarning: Warning: The openmmtools.multistate API is experimental and may change in future releases\n",
      "  warnings.warn('Warning: The openmmtools.multistate API is experimental and may change in future releases')\n",
      "DEBUG:openmmtools.multistate.multistatereporter:Initial checkpoint file automatically chosen as ALA_CYS.vac.default_map_checkpoint.nc\n",
      "/home/dominic/anaconda3/envs/openmm/lib/python3.6/site-packages/openmmtools-0.18.3-py3.6-linux-x86_64.egg/openmmtools/multistate/multistateanalyzer.py:1175: UserWarning: Warning: The openmmtools.multistate API is experimental and may change in future releases\n",
      "  warnings.warn('Warning: The openmmtools.multistate API is experimental and may change in future releases')\n",
      "WARNING:openmmtools.multistate.multistatereporter:Could not locate checkpoint subfile. This is okay for analysis if the solvent trajectory is not needed, but not for production simulation!\n",
      "DEBUG:openmmtools.multistate.multistatereporter:checkpoint_interval != on-file checkpoint interval! Using on file analysis interval of 100.\n",
      "DEBUG:openmmtools.multistate.multistatereporter:analysis_particle_indices != on-file analysis_particle_indices!Using on file analysis indices of [ 0  1  2  3  4  5  6  7  8  9 10 11 12 13 14 15 22 23 24 25 26 16 17 18\n",
      " 19 20 21]\n",
      "DEBUG:openmmtools.multistate.multistateanalyzer:Checking if we need to unbias the restraint...\n",
      "DEBUG:openmmtools.multistate.multistateanalyzer:Trying to get radially symmetric restraint data...\n",
      "DEBUG:openmmtools.multistate.multistateanalyzer:Retrieving end thermodynamic states...\n",
      "DEBUG:openmmtools.multistate.multistateanalyzer:Isolating restraint force...\n",
      "DEBUG:openmmtools.multistate.multistateanalyzer:No force of type <class 'openmmtools.forces.RadiallySymmetricRestraintForce'> could be found. The restraint will not be unbiased.\n",
      "DEBUG:openmmtools.multistate.multistateanalyzer:Reading energies...\n",
      "DEBUG:openmmtools.multistate.multistatereporter:read_replica_thermodynamic_states: iteration = [    0     1     2 ...  9998  9999 10000]\n",
      "DEBUG:openmmtools.multistate.multistateanalyzer:Done.\n",
      "DEBUG:openmmtools.multistate.multistateanalyzer:Assembling effective timeseries...\n",
      "DEBUG:openmmtools.multistate.multistateanalyzer:Done.\n",
      "DEBUG:openmmtools.multistate.multistateanalyzer:Could not find t0: None of the requested keys could be found on disk!\n",
      "DEBUG:openmmtools.multistate.multistateanalyzer:Equilibration data:\n",
      "DEBUG:openmmtools.multistate.multistateanalyzer: number of iterations discarded to equilibration : 801\n",
      "DEBUG:openmmtools.multistate.multistateanalyzer: statistical inefficiency of production region   : 2.7443385124206543\n",
      "DEBUG:openmmtools.multistate.multistateanalyzer: effective number of uncorrelated samples        : 3352.720458984375\n",
      "DEBUG:openmmtools.multistate.multistateanalyzer:Assembling uncorrelated energies...\n",
      "DEBUG:openmmtools.multistate.multistateanalyzer:Done.\n",
      "DEBUG:openmmtools.multistate.multistateanalyzer:Computing free energy differences...\n",
      "DEBUG:openmmtools.multistate.multistateanalyzer:Done.\n",
      "DEBUG:openmmtools.multistate.multistateanalyzer:Computing covariance matrix...\n",
      "DEBUG:openmmtools.multistate.multistateanalyzer:Deltaf_ij:\n",
      "DEBUG:openmmtools.multistate.multistateanalyzer:   0.000  -0.021   0.274   0.756   0.759   0.619   3.622   6.462   9.112  11.540  13.503\n",
      "DEBUG:openmmtools.multistate.multistateanalyzer:   0.021   0.000   0.295   0.777   0.780   0.640   3.643   6.483   9.133  11.561  13.524\n",
      "DEBUG:openmmtools.multistate.multistateanalyzer:  -0.274  -0.295   0.000   0.482   0.485   0.346   3.348   6.188   8.839  11.267  13.230\n",
      "DEBUG:openmmtools.multistate.multistateanalyzer:  -0.756  -0.777  -0.482   0.000   0.003  -0.137   2.866   5.706   8.356  10.784  12.747\n",
      "DEBUG:openmmtools.multistate.multistateanalyzer:  -0.759  -0.780  -0.485  -0.003   0.000  -0.139   2.863   5.703   8.354  10.781  12.744\n",
      "DEBUG:openmmtools.multistate.multistateanalyzer:  -0.619  -0.640  -0.346   0.137   0.139   0.000   3.002   5.842   8.493  10.921  12.884\n",
      "DEBUG:openmmtools.multistate.multistateanalyzer:  -3.622  -3.643  -3.348  -2.866  -2.863  -3.002   0.000   2.840   5.491   7.918   9.881\n",
      "DEBUG:openmmtools.multistate.multistateanalyzer:  -6.462  -6.483  -6.188  -5.706  -5.703  -5.842  -2.840   0.000   2.651   5.078   7.041\n",
      "DEBUG:openmmtools.multistate.multistateanalyzer:  -9.112  -9.133  -8.839  -8.356  -8.354  -8.493  -5.491  -2.651   0.000   2.428   4.391\n",
      "DEBUG:openmmtools.multistate.multistateanalyzer: -11.540 -11.561 -11.267 -10.784 -10.781 -10.921  -7.918  -5.078  -2.428   0.000   1.963\n",
      "DEBUG:openmmtools.multistate.multistateanalyzer: -13.503 -13.524 -13.230 -12.747 -12.744 -12.884  -9.881  -7.041  -4.391  -1.963   0.000\n",
      "DEBUG:openmmtools.multistate.multistateanalyzer:dDeltaf_ij:\n",
      "DEBUG:openmmtools.multistate.multistateanalyzer:   0.000   0.002   0.005   0.010   0.012   0.013   0.013   0.013   0.015   0.017   0.022\n",
      "DEBUG:openmmtools.multistate.multistateanalyzer:   0.002   0.000   0.003   0.009   0.011   0.011   0.012   0.012   0.014   0.016   0.021\n",
      "DEBUG:openmmtools.multistate.multistateanalyzer:   0.005   0.003   0.000   0.006   0.008   0.009   0.009   0.010   0.012   0.014   0.020\n",
      "DEBUG:openmmtools.multistate.multistateanalyzer:   0.010   0.009   0.006   0.000   0.002   0.004   0.005   0.006   0.009   0.012   0.019\n",
      "DEBUG:openmmtools.multistate.multistateanalyzer:   0.012   0.011   0.008   0.002   0.000   0.002   0.003   0.006   0.008   0.012   0.018\n",
      "DEBUG:openmmtools.multistate.multistateanalyzer:   0.013   0.011   0.009   0.004   0.002   0.000   0.003   0.006   0.008   0.012   0.018\n",
      "DEBUG:openmmtools.multistate.multistateanalyzer:   0.013   0.012   0.009   0.005   0.003   0.003   0.000   0.003   0.006   0.010   0.017\n",
      "DEBUG:openmmtools.multistate.multistateanalyzer:   0.013   0.012   0.010   0.006   0.006   0.006   0.003   0.000   0.003   0.008   0.016\n",
      "DEBUG:openmmtools.multistate.multistateanalyzer:   0.015   0.014   0.012   0.009   0.008   0.008   0.006   0.003   0.000   0.004   0.014\n",
      "DEBUG:openmmtools.multistate.multistateanalyzer:   0.017   0.016   0.014   0.012   0.012   0.012   0.010   0.008   0.004   0.000   0.010\n",
      "DEBUG:openmmtools.multistate.multistateanalyzer:   0.022   0.021   0.020   0.019   0.018   0.018   0.017   0.016   0.014   0.010   0.000\n",
      "/home/dominic/anaconda3/envs/openmm/lib/python3.6/site-packages/openmmtools-0.18.3-py3.6-linux-x86_64.egg/openmmtools/multistate/multistatereporter.py:116: UserWarning: Warning: The openmmtools.multistate API is experimental and may change in future releases\n",
      "  warnings.warn('Warning: The openmmtools.multistate API is experimental and may change in future releases')\n",
      "DEBUG:openmmtools.multistate.multistatereporter:Initial checkpoint file automatically chosen as CYS_ALA.vac.default_map_checkpoint.nc\n",
      "/home/dominic/anaconda3/envs/openmm/lib/python3.6/site-packages/openmmtools-0.18.3-py3.6-linux-x86_64.egg/openmmtools/multistate/multistateanalyzer.py:1175: UserWarning: Warning: The openmmtools.multistate API is experimental and may change in future releases\n",
      "  warnings.warn('Warning: The openmmtools.multistate API is experimental and may change in future releases')\n",
      "WARNING:openmmtools.multistate.multistatereporter:Could not locate checkpoint subfile. This is okay for analysis if the solvent trajectory is not needed, but not for production simulation!\n",
      "DEBUG:openmmtools.multistate.multistatereporter:checkpoint_interval != on-file checkpoint interval! Using on file analysis interval of 100.\n",
      "DEBUG:openmmtools.multistate.multistatereporter:analysis_particle_indices != on-file analysis_particle_indices!Using on file analysis indices of [ 0  1  2  3  4  5  6  7  8  9 10 11 12 13 14 15 16 23 24 25 26 17 18 19\n",
      " 20 21 22]\n",
      "DEBUG:openmmtools.multistate.multistateanalyzer:Checking if we need to unbias the restraint...\n",
      "DEBUG:openmmtools.multistate.multistateanalyzer:Trying to get radially symmetric restraint data...\n",
      "DEBUG:openmmtools.multistate.multistateanalyzer:Retrieving end thermodynamic states...\n",
      "DEBUG:openmmtools.multistate.multistateanalyzer:Isolating restraint force...\n",
      "DEBUG:openmmtools.multistate.multistateanalyzer:No force of type <class 'openmmtools.forces.RadiallySymmetricRestraintForce'> could be found. The restraint will not be unbiased.\n",
      "DEBUG:openmmtools.multistate.multistateanalyzer:Reading energies...\n",
      "DEBUG:openmmtools.multistate.multistatereporter:read_replica_thermodynamic_states: iteration = [    0     1     2 ...  9998  9999 10000]\n",
      "DEBUG:openmmtools.multistate.multistateanalyzer:Done.\n",
      "DEBUG:openmmtools.multistate.multistateanalyzer:Assembling effective timeseries...\n",
      "DEBUG:openmmtools.multistate.multistateanalyzer:Done.\n",
      "DEBUG:openmmtools.multistate.multistateanalyzer:Could not find t0: None of the requested keys could be found on disk!\n",
      "DEBUG:openmmtools.multistate.multistateanalyzer:Equilibration data:\n",
      "DEBUG:openmmtools.multistate.multistateanalyzer: number of iterations discarded to equilibration : 101\n",
      "DEBUG:openmmtools.multistate.multistateanalyzer: statistical inefficiency of production region   : 2.093050956726074\n",
      "DEBUG:openmmtools.multistate.multistateanalyzer: effective number of uncorrelated samples        : 4730.4150390625\n",
      "DEBUG:openmmtools.multistate.multistateanalyzer:Assembling uncorrelated energies...\n",
      "DEBUG:openmmtools.multistate.multistateanalyzer:Done.\n",
      "DEBUG:openmmtools.multistate.multistateanalyzer:Computing free energy differences...\n",
      "DEBUG:openmmtools.multistate.multistateanalyzer:Done.\n",
      "DEBUG:openmmtools.multistate.multistateanalyzer:Computing covariance matrix...\n",
      "DEBUG:openmmtools.multistate.multistateanalyzer:Deltaf_ij:\n",
      "DEBUG:openmmtools.multistate.multistateanalyzer:   0.000  -2.004  -4.468  -7.133  -9.981 -12.989 -12.848 -12.850 -13.333 -13.629 -13.611\n",
      "DEBUG:openmmtools.multistate.multistateanalyzer:   2.004   0.000  -2.464  -5.129  -7.977 -10.985 -10.844 -10.846 -11.329 -11.625 -11.607\n",
      "DEBUG:openmmtools.multistate.multistateanalyzer:   4.468   2.464   0.000  -2.665  -5.513  -8.521  -8.380  -8.382  -8.865  -9.161  -9.143\n",
      "DEBUG:openmmtools.multistate.multistateanalyzer:   7.133   5.129   2.665   0.000  -2.848  -5.856  -5.714  -5.716  -6.200  -6.496  -6.477\n",
      "DEBUG:openmmtools.multistate.multistateanalyzer:   9.981   7.977   5.513   2.848   0.000  -3.008  -2.867  -2.869  -3.352  -3.648  -3.630\n",
      "DEBUG:openmmtools.multistate.multistateanalyzer:  12.989  10.985   8.521   5.856   3.008   0.000   0.141   0.140  -0.344  -0.640  -0.622\n",
      "DEBUG:openmmtools.multistate.multistateanalyzer:  12.848  10.844   8.380   5.714   2.867  -0.141   0.000  -0.002  -0.485  -0.781  -0.763\n",
      "DEBUG:openmmtools.multistate.multistateanalyzer:  12.850  10.846   8.382   5.716   2.869  -0.140   0.002   0.000  -0.483  -0.780  -0.761\n",
      "DEBUG:openmmtools.multistate.multistateanalyzer:  13.333  11.329   8.865   6.200   3.352   0.344   0.485   0.483   0.000  -0.296  -0.278\n",
      "DEBUG:openmmtools.multistate.multistateanalyzer:  13.629  11.625   9.161   6.496   3.648   0.640   0.781   0.780   0.296   0.000   0.019\n",
      "DEBUG:openmmtools.multistate.multistateanalyzer:  13.611  11.607   9.143   6.477   3.630   0.622   0.763   0.761   0.278  -0.019   0.000\n",
      "DEBUG:openmmtools.multistate.multistateanalyzer:dDeltaf_ij:\n",
      "DEBUG:openmmtools.multistate.multistateanalyzer:   0.000   0.009   0.011   0.013   0.014   0.015   0.015   0.015   0.017   0.018   0.018\n",
      "DEBUG:openmmtools.multistate.multistateanalyzer:   0.009   0.000   0.004   0.006   0.008   0.010   0.010   0.010   0.012   0.013   0.014\n",
      "DEBUG:openmmtools.multistate.multistateanalyzer:   0.011   0.004   0.000   0.003   0.005   0.007   0.007   0.007   0.010   0.011   0.012\n",
      "DEBUG:openmmtools.multistate.multistateanalyzer:   0.013   0.006   0.003   0.000   0.002   0.005   0.005   0.005   0.008   0.010   0.011\n",
      "DEBUG:openmmtools.multistate.multistateanalyzer:   0.014   0.008   0.005   0.002   0.000   0.002   0.003   0.004   0.008   0.010   0.011\n",
      "DEBUG:openmmtools.multistate.multistateanalyzer:   0.015   0.010   0.007   0.005   0.002   0.000   0.001   0.003   0.008   0.010   0.011\n",
      "DEBUG:openmmtools.multistate.multistateanalyzer:   0.015   0.010   0.007   0.005   0.003   0.001   0.000   0.002   0.007   0.009   0.010\n",
      "DEBUG:openmmtools.multistate.multistateanalyzer:   0.015   0.010   0.007   0.005   0.004   0.003   0.002   0.000   0.005   0.007   0.008\n",
      "DEBUG:openmmtools.multistate.multistateanalyzer:   0.017   0.012   0.010   0.008   0.008   0.008   0.007   0.005   0.000   0.003   0.004\n",
      "DEBUG:openmmtools.multistate.multistateanalyzer:   0.018   0.013   0.011   0.010   0.010   0.010   0.009   0.007   0.003   0.000   0.002\n",
      "DEBUG:openmmtools.multistate.multistateanalyzer:   0.018   0.014   0.012   0.011   0.011   0.011   0.010   0.008   0.004   0.002   0.000\n",
      "/home/dominic/anaconda3/envs/openmm/lib/python3.6/site-packages/openmmtools-0.18.3-py3.6-linux-x86_64.egg/openmmtools/multistate/multistatereporter.py:116: UserWarning: Warning: The openmmtools.multistate API is experimental and may change in future releases\n",
      "  warnings.warn('Warning: The openmmtools.multistate API is experimental and may change in future releases')\n",
      "DEBUG:openmmtools.multistate.multistatereporter:Initial checkpoint file automatically chosen as ALA_SER.vac.default_map_checkpoint.nc\n",
      "/home/dominic/anaconda3/envs/openmm/lib/python3.6/site-packages/openmmtools-0.18.3-py3.6-linux-x86_64.egg/openmmtools/multistate/multistateanalyzer.py:1175: UserWarning: Warning: The openmmtools.multistate API is experimental and may change in future releases\n",
      "  warnings.warn('Warning: The openmmtools.multistate API is experimental and may change in future releases')\n",
      "WARNING:openmmtools.multistate.multistatereporter:Could not locate checkpoint subfile. This is okay for analysis if the solvent trajectory is not needed, but not for production simulation!\n",
      "DEBUG:openmmtools.multistate.multistatereporter:checkpoint_interval != on-file checkpoint interval! Using on file analysis interval of 100.\n",
      "DEBUG:openmmtools.multistate.multistatereporter:analysis_particle_indices != on-file analysis_particle_indices!Using on file analysis indices of [ 0  1  2  3  4  5  6  7  8  9 10 11 12 13 14 15 22 23 24 25 26 16 17 18\n",
      " 19 20 21]\n",
      "DEBUG:openmmtools.multistate.multistateanalyzer:Checking if we need to unbias the restraint...\n",
      "DEBUG:openmmtools.multistate.multistateanalyzer:Trying to get radially symmetric restraint data...\n",
      "DEBUG:openmmtools.multistate.multistateanalyzer:Retrieving end thermodynamic states...\n",
      "DEBUG:openmmtools.multistate.multistateanalyzer:Isolating restraint force...\n",
      "DEBUG:openmmtools.multistate.multistateanalyzer:No force of type <class 'openmmtools.forces.RadiallySymmetricRestraintForce'> could be found. The restraint will not be unbiased.\n",
      "DEBUG:openmmtools.multistate.multistateanalyzer:Reading energies...\n",
      "DEBUG:openmmtools.multistate.multistatereporter:read_replica_thermodynamic_states: iteration = [    0     1     2 ...  9998  9999 10000]\n",
      "DEBUG:openmmtools.multistate.multistateanalyzer:Done.\n",
      "DEBUG:openmmtools.multistate.multistateanalyzer:Assembling effective timeseries...\n",
      "DEBUG:openmmtools.multistate.multistateanalyzer:Done.\n",
      "DEBUG:openmmtools.multistate.multistateanalyzer:Could not find t0: None of the requested keys could be found on disk!\n",
      "DEBUG:openmmtools.multistate.multistateanalyzer:Equilibration data:\n",
      "DEBUG:openmmtools.multistate.multistateanalyzer: number of iterations discarded to equilibration : 1\n",
      "DEBUG:openmmtools.multistate.multistateanalyzer: statistical inefficiency of production region   : 2.0454418659210205\n",
      "DEBUG:openmmtools.multistate.multistateanalyzer: effective number of uncorrelated samples        : 4889.408203125\n",
      "DEBUG:openmmtools.multistate.multistateanalyzer:Assembling uncorrelated energies...\n",
      "DEBUG:openmmtools.multistate.multistateanalyzer:Done.\n",
      "DEBUG:openmmtools.multistate.multistateanalyzer:Computing free energy differences...\n",
      "DEBUG:openmmtools.multistate.multistateanalyzer:Done.\n",
      "DEBUG:openmmtools.multistate.multistateanalyzer:Computing covariance matrix...\n",
      "DEBUG:openmmtools.multistate.multistateanalyzer:Deltaf_ij:\n",
      "DEBUG:openmmtools.multistate.multistateanalyzer:   0.000   0.520   1.357   2.461   2.985   3.314  10.778  17.548  23.660  29.148  33.786\n",
      "DEBUG:openmmtools.multistate.multistateanalyzer:  -0.520   0.000   0.837   1.942   2.465   2.794  10.258  17.029  23.141  28.628  33.266\n",
      "DEBUG:openmmtools.multistate.multistateanalyzer:  -1.357  -0.837   0.000   1.105   1.628   1.957   9.421  16.192  22.303  27.791  32.429\n",
      "DEBUG:openmmtools.multistate.multistateanalyzer:  -2.461  -1.942  -1.105   0.000   0.524   0.852   8.317  15.087  21.199  26.686  31.325\n",
      "DEBUG:openmmtools.multistate.multistateanalyzer:  -2.985  -2.465  -1.628  -0.524   0.000   0.329   7.793  14.563  20.675  26.163  30.801\n",
      "DEBUG:openmmtools.multistate.multistateanalyzer:  -3.314  -2.794  -1.957  -0.852  -0.329   0.000   7.464  14.235  20.346  25.834  30.472\n",
      "DEBUG:openmmtools.multistate.multistateanalyzer: -10.778 -10.258  -9.421  -8.317  -7.793  -7.464   0.000   6.770  12.882  18.369  23.008\n",
      "DEBUG:openmmtools.multistate.multistateanalyzer: -17.548 -17.029 -16.192 -15.087 -14.563 -14.235  -6.770   0.000   6.112  11.599  16.238\n",
      "DEBUG:openmmtools.multistate.multistateanalyzer: -23.660 -23.141 -22.303 -21.199 -20.675 -20.346 -12.882  -6.112   0.000   5.487  10.126\n",
      "DEBUG:openmmtools.multistate.multistateanalyzer: -29.148 -28.628 -27.791 -26.686 -26.163 -25.834 -18.369 -11.599  -5.487   0.000   4.639\n",
      "DEBUG:openmmtools.multistate.multistateanalyzer: -33.786 -33.266 -32.429 -31.325 -30.801 -30.472 -23.008 -16.238 -10.126  -4.639   0.000\n",
      "DEBUG:openmmtools.multistate.multistateanalyzer:dDeltaf_ij:\n",
      "DEBUG:openmmtools.multistate.multistateanalyzer:   0.000   0.002   0.005   0.010   0.012   0.013   0.014   0.016   0.019   0.022   0.027\n",
      "DEBUG:openmmtools.multistate.multistateanalyzer:   0.002   0.000   0.003   0.008   0.011   0.011   0.013   0.015   0.018   0.022   0.026\n",
      "DEBUG:openmmtools.multistate.multistateanalyzer:   0.005   0.003   0.000   0.006   0.008   0.009   0.011   0.013   0.017   0.020   0.026\n",
      "DEBUG:openmmtools.multistate.multistateanalyzer:   0.010   0.008   0.006   0.000   0.003   0.004   0.007   0.011   0.015   0.019   0.024\n",
      "DEBUG:openmmtools.multistate.multistateanalyzer:   0.012   0.011   0.008   0.003   0.000   0.002   0.006   0.010   0.014   0.018   0.024\n",
      "DEBUG:openmmtools.multistate.multistateanalyzer:   0.013   0.011   0.009   0.004   0.002   0.000   0.005   0.010   0.014   0.018   0.024\n",
      "DEBUG:openmmtools.multistate.multistateanalyzer:   0.014   0.013   0.011   0.007   0.006   0.005   0.000   0.005   0.011   0.016   0.022\n",
      "DEBUG:openmmtools.multistate.multistateanalyzer:   0.016   0.015   0.013   0.011   0.010   0.010   0.005   0.000   0.006   0.012   0.019\n",
      "DEBUG:openmmtools.multistate.multistateanalyzer:   0.019   0.018   0.017   0.015   0.014   0.014   0.011   0.006   0.000   0.006   0.015\n",
      "DEBUG:openmmtools.multistate.multistateanalyzer:   0.022   0.022   0.020   0.019   0.018   0.018   0.016   0.012   0.006   0.000   0.011\n",
      "DEBUG:openmmtools.multistate.multistateanalyzer:   0.027   0.026   0.026   0.024   0.024   0.024   0.022   0.019   0.015   0.011   0.000\n",
      "/home/dominic/anaconda3/envs/openmm/lib/python3.6/site-packages/openmmtools-0.18.3-py3.6-linux-x86_64.egg/openmmtools/multistate/multistatereporter.py:116: UserWarning: Warning: The openmmtools.multistate API is experimental and may change in future releases\n",
      "  warnings.warn('Warning: The openmmtools.multistate API is experimental and may change in future releases')\n",
      "DEBUG:openmmtools.multistate.multistatereporter:Initial checkpoint file automatically chosen as SER_ALA.vac.default_map_checkpoint.nc\n",
      "/home/dominic/anaconda3/envs/openmm/lib/python3.6/site-packages/openmmtools-0.18.3-py3.6-linux-x86_64.egg/openmmtools/multistate/multistateanalyzer.py:1175: UserWarning: Warning: The openmmtools.multistate API is experimental and may change in future releases\n",
      "  warnings.warn('Warning: The openmmtools.multistate API is experimental and may change in future releases')\n",
      "WARNING:openmmtools.multistate.multistatereporter:Could not locate checkpoint subfile. This is okay for analysis if the solvent trajectory is not needed, but not for production simulation!\n",
      "DEBUG:openmmtools.multistate.multistatereporter:checkpoint_interval != on-file checkpoint interval! Using on file analysis interval of 100.\n",
      "DEBUG:openmmtools.multistate.multistatereporter:analysis_particle_indices != on-file analysis_particle_indices!Using on file analysis indices of [ 0  1  2  3  4  5  6  7  8  9 10 11 12 13 14 15 16 23 24 25 26 17 18 19\n",
      " 20 21 22]\n",
      "DEBUG:openmmtools.multistate.multistateanalyzer:Checking if we need to unbias the restraint...\n",
      "DEBUG:openmmtools.multistate.multistateanalyzer:Trying to get radially symmetric restraint data...\n",
      "DEBUG:openmmtools.multistate.multistateanalyzer:Retrieving end thermodynamic states...\n",
      "DEBUG:openmmtools.multistate.multistateanalyzer:Isolating restraint force...\n",
      "DEBUG:openmmtools.multistate.multistateanalyzer:No force of type <class 'openmmtools.forces.RadiallySymmetricRestraintForce'> could be found. The restraint will not be unbiased.\n",
      "DEBUG:openmmtools.multistate.multistateanalyzer:Reading energies...\n",
      "DEBUG:openmmtools.multistate.multistatereporter:read_replica_thermodynamic_states: iteration = [    0     1     2 ...  9998  9999 10000]\n",
      "DEBUG:openmmtools.multistate.multistateanalyzer:Done.\n",
      "DEBUG:openmmtools.multistate.multistateanalyzer:Assembling effective timeseries...\n",
      "DEBUG:openmmtools.multistate.multistateanalyzer:Done.\n",
      "DEBUG:openmmtools.multistate.multistateanalyzer:Could not find t0: None of the requested keys could be found on disk!\n",
      "DEBUG:openmmtools.multistate.multistateanalyzer:Equilibration data:\n",
      "DEBUG:openmmtools.multistate.multistateanalyzer: number of iterations discarded to equilibration : 1\n",
      "DEBUG:openmmtools.multistate.multistateanalyzer: statistical inefficiency of production region   : 1.7097777128219604\n",
      "DEBUG:openmmtools.multistate.multistateanalyzer: effective number of uncorrelated samples        : 5849.29833984375\n",
      "DEBUG:openmmtools.multistate.multistateanalyzer:Assembling uncorrelated energies...\n",
      "DEBUG:openmmtools.multistate.multistateanalyzer:Done.\n",
      "DEBUG:openmmtools.multistate.multistateanalyzer:Computing free energy differences...\n",
      "DEBUG:openmmtools.multistate.multistateanalyzer:Done.\n",
      "DEBUG:openmmtools.multistate.multistateanalyzer:Computing covariance matrix...\n",
      "DEBUG:openmmtools.multistate.multistateanalyzer:Deltaf_ij:\n",
      "DEBUG:openmmtools.multistate.multistateanalyzer:   0.000  -4.705 -10.208 -16.320 -23.093 -30.563 -30.893 -31.418 -32.530 -33.374 -33.898\n",
      "DEBUG:openmmtools.multistate.multistateanalyzer:   4.705   0.000  -5.502 -11.615 -18.387 -25.858 -26.188 -26.713 -27.825 -28.669 -29.192\n",
      "DEBUG:openmmtools.multistate.multistateanalyzer:  10.208   5.502   0.000  -6.113 -12.885 -20.356 -20.686 -21.211 -22.322 -23.166 -23.690\n",
      "DEBUG:openmmtools.multistate.multistateanalyzer:  16.320  11.615   6.113   0.000  -6.772 -14.243 -14.573 -15.098 -16.210 -17.053 -17.577\n",
      "DEBUG:openmmtools.multistate.multistateanalyzer:  23.093  18.387  12.885   6.772   0.000  -7.471  -7.801  -8.325  -9.437 -10.281 -10.805\n",
      "DEBUG:openmmtools.multistate.multistateanalyzer:  30.563  25.858  20.356  14.243   7.471   0.000  -0.330  -0.855  -1.967  -2.811  -3.334\n",
      "DEBUG:openmmtools.multistate.multistateanalyzer:  30.893  26.188  20.686  14.573   7.801   0.330   0.000  -0.525  -1.637  -2.480  -3.004\n",
      "DEBUG:openmmtools.multistate.multistateanalyzer:  31.418  26.713  21.211  15.098   8.325   0.855   0.525   0.000  -1.112  -1.956  -2.480\n",
      "DEBUG:openmmtools.multistate.multistateanalyzer:  32.530  27.825  22.322  16.210   9.437   1.967   1.637   1.112   0.000  -0.844  -1.368\n",
      "DEBUG:openmmtools.multistate.multistateanalyzer:  33.374  28.669  23.166  17.053  10.281   2.811   2.480   1.956   0.844   0.000  -0.524\n",
      "DEBUG:openmmtools.multistate.multistateanalyzer:  33.898  29.192  23.690  17.577  10.805   3.334   3.004   2.480   1.368   0.524   0.000\n",
      "DEBUG:openmmtools.multistate.multistateanalyzer:dDeltaf_ij:\n",
      "DEBUG:openmmtools.multistate.multistateanalyzer:   0.000   0.010   0.014   0.017   0.020   0.022   0.022   0.022   0.023   0.024   0.024\n",
      "DEBUG:openmmtools.multistate.multistateanalyzer:   0.010   0.000   0.006   0.011   0.014   0.017   0.017   0.017   0.019   0.020   0.020\n",
      "DEBUG:openmmtools.multistate.multistateanalyzer:   0.014   0.006   0.000   0.006   0.010   0.013   0.013   0.014   0.016   0.017   0.017\n",
      "DEBUG:openmmtools.multistate.multistateanalyzer:   0.017   0.011   0.006   0.000   0.005   0.009   0.009   0.010   0.012   0.014   0.015\n",
      "DEBUG:openmmtools.multistate.multistateanalyzer:   0.020   0.014   0.010   0.005   0.000   0.005   0.005   0.006   0.010   0.012   0.013\n",
      "DEBUG:openmmtools.multistate.multistateanalyzer:   0.022   0.017   0.013   0.009   0.005   0.000   0.001   0.004   0.008   0.010   0.012\n",
      "DEBUG:openmmtools.multistate.multistateanalyzer:   0.022   0.017   0.013   0.009   0.005   0.001   0.000   0.003   0.008   0.010   0.011\n",
      "DEBUG:openmmtools.multistate.multistateanalyzer:   0.022   0.017   0.014   0.010   0.006   0.004   0.003   0.000   0.005   0.008   0.009\n",
      "DEBUG:openmmtools.multistate.multistateanalyzer:   0.023   0.019   0.016   0.012   0.010   0.008   0.008   0.005   0.000   0.003   0.005\n",
      "DEBUG:openmmtools.multistate.multistateanalyzer:   0.024   0.020   0.017   0.014   0.012   0.010   0.010   0.008   0.003   0.000   0.002\n",
      "DEBUG:openmmtools.multistate.multistateanalyzer:   0.024   0.020   0.017   0.015   0.013   0.012   0.011   0.009   0.005   0.002   0.000\n",
      "/home/dominic/anaconda3/envs/openmm/lib/python3.6/site-packages/openmmtools-0.18.3-py3.6-linux-x86_64.egg/openmmtools/multistate/multistatereporter.py:116: UserWarning: Warning: The openmmtools.multistate API is experimental and may change in future releases\n",
      "  warnings.warn('Warning: The openmmtools.multistate API is experimental and may change in future releases')\n",
      "DEBUG:openmmtools.multistate.multistatereporter:Initial checkpoint file automatically chosen as ALA_THR.vac.default_map_checkpoint.nc\n",
      "/home/dominic/anaconda3/envs/openmm/lib/python3.6/site-packages/openmmtools-0.18.3-py3.6-linux-x86_64.egg/openmmtools/multistate/multistateanalyzer.py:1175: UserWarning: Warning: The openmmtools.multistate API is experimental and may change in future releases\n",
      "  warnings.warn('Warning: The openmmtools.multistate API is experimental and may change in future releases')\n",
      "WARNING:openmmtools.multistate.multistatereporter:Could not locate checkpoint subfile. This is okay for analysis if the solvent trajectory is not needed, but not for production simulation!\n",
      "DEBUG:openmmtools.multistate.multistatereporter:checkpoint_interval != on-file checkpoint interval! Using on file analysis interval of 100.\n",
      "DEBUG:openmmtools.multistate.multistatereporter:analysis_particle_indices != on-file analysis_particle_indices!Using on file analysis indices of [ 0  1  2  3  4  5  6  7  8  9 10 11 12 13 14 15 22 23 24 25 26 27 28 29\n",
      " 16 17 18 19 20 21]\n",
      "DEBUG:openmmtools.multistate.multistateanalyzer:Checking if we need to unbias the restraint...\n",
      "DEBUG:openmmtools.multistate.multistateanalyzer:Trying to get radially symmetric restraint data...\n",
      "DEBUG:openmmtools.multistate.multistateanalyzer:Retrieving end thermodynamic states...\n",
      "DEBUG:openmmtools.multistate.multistateanalyzer:Isolating restraint force...\n",
      "DEBUG:openmmtools.multistate.multistateanalyzer:No force of type <class 'openmmtools.forces.RadiallySymmetricRestraintForce'> could be found. The restraint will not be unbiased.\n",
      "DEBUG:openmmtools.multistate.multistateanalyzer:Reading energies...\n",
      "DEBUG:openmmtools.multistate.multistatereporter:read_replica_thermodynamic_states: iteration = [    0     1     2 ...  9998  9999 10000]\n",
      "DEBUG:openmmtools.multistate.multistateanalyzer:Done.\n",
      "DEBUG:openmmtools.multistate.multistateanalyzer:Assembling effective timeseries...\n",
      "DEBUG:openmmtools.multistate.multistateanalyzer:Done.\n",
      "DEBUG:openmmtools.multistate.multistateanalyzer:Could not find t0: None of the requested keys could be found on disk!\n",
      "DEBUG:openmmtools.multistate.multistateanalyzer:Equilibration data:\n",
      "DEBUG:openmmtools.multistate.multistateanalyzer: number of iterations discarded to equilibration : 1\n",
      "DEBUG:openmmtools.multistate.multistateanalyzer: statistical inefficiency of production region   : 1.5932375192642212\n",
      "DEBUG:openmmtools.multistate.multistateanalyzer: effective number of uncorrelated samples        : 6277.15576171875\n",
      "DEBUG:openmmtools.multistate.multistateanalyzer:Assembling uncorrelated energies...\n",
      "DEBUG:openmmtools.multistate.multistateanalyzer:Done.\n",
      "DEBUG:openmmtools.multistate.multistateanalyzer:Computing free energy differences...\n",
      "DEBUG:openmmtools.multistate.multistateanalyzer:Done.\n",
      "DEBUG:openmmtools.multistate.multistateanalyzer:Computing covariance matrix...\n",
      "DEBUG:openmmtools.multistate.multistateanalyzer:Deltaf_ij:\n",
      "DEBUG:openmmtools.multistate.multistateanalyzer:   0.000   0.505   1.746   3.853   4.903   5.247  15.129  25.906  37.452  49.564  62.070\n",
      "DEBUG:openmmtools.multistate.multistateanalyzer:  -0.505   0.000   1.241   3.349   4.398   4.743  14.625  25.401  36.947  49.059  61.566\n",
      "DEBUG:openmmtools.multistate.multistateanalyzer:  -1.746  -1.241   0.000   2.108   3.157   3.502  13.384  24.160  35.706  47.818  60.325\n",
      "DEBUG:openmmtools.multistate.multistateanalyzer:  -3.853  -3.349  -2.108   0.000   1.050   1.394  11.276  22.052  33.599  45.711  58.217\n",
      "DEBUG:openmmtools.multistate.multistateanalyzer:  -4.903  -4.398  -3.157  -1.050   0.000   0.344  10.226  21.003  32.549  44.661  57.167\n",
      "DEBUG:openmmtools.multistate.multistateanalyzer:  -5.247  -4.743  -3.502  -1.394  -0.344   0.000   9.882  20.658  32.204  44.317  56.823\n",
      "DEBUG:openmmtools.multistate.multistateanalyzer: -15.129 -14.625 -13.384 -11.276 -10.226  -9.882   0.000  10.776  22.322  34.435  46.941\n",
      "DEBUG:openmmtools.multistate.multistateanalyzer: -25.906 -25.401 -24.160 -22.052 -21.003 -20.658 -10.776   0.000  11.546  23.658  36.165\n",
      "DEBUG:openmmtools.multistate.multistateanalyzer: -37.452 -36.947 -35.706 -33.599 -32.549 -32.204 -22.322 -11.546   0.000  12.112  24.619\n",
      "DEBUG:openmmtools.multistate.multistateanalyzer: -49.564 -49.059 -47.818 -45.711 -44.661 -44.317 -34.435 -23.658 -12.112   0.000  12.507\n",
      "DEBUG:openmmtools.multistate.multistateanalyzer: -62.070 -61.566 -60.325 -58.217 -57.167 -56.823 -46.941 -36.165 -24.619 -12.507   0.000\n",
      "DEBUG:openmmtools.multistate.multistateanalyzer:dDeltaf_ij:\n",
      "DEBUG:openmmtools.multistate.multistateanalyzer:   0.000   0.002   0.006   0.013   0.017   0.018   0.019   0.020   0.023   0.026   0.029\n",
      "DEBUG:openmmtools.multistate.multistateanalyzer:   0.002   0.000   0.004   0.011   0.016   0.017   0.018   0.019   0.022   0.025   0.028\n",
      "DEBUG:openmmtools.multistate.multistateanalyzer:   0.006   0.004   0.000   0.008   0.014   0.015   0.016   0.018   0.020   0.023   0.027\n",
      "DEBUG:openmmtools.multistate.multistateanalyzer:   0.013   0.011   0.008   0.000   0.007   0.008   0.010   0.012   0.016   0.020   0.024\n",
      "DEBUG:openmmtools.multistate.multistateanalyzer:   0.017   0.016   0.014   0.007   0.000   0.002   0.005   0.009   0.014   0.018   0.022\n",
      "DEBUG:openmmtools.multistate.multistateanalyzer:   0.018   0.017   0.015   0.008   0.002   0.000   0.004   0.009   0.013   0.018   0.022\n",
      "DEBUG:openmmtools.multistate.multistateanalyzer:   0.019   0.018   0.016   0.010   0.005   0.004   0.000   0.005   0.010   0.015   0.020\n",
      "DEBUG:openmmtools.multistate.multistateanalyzer:   0.020   0.019   0.018   0.012   0.009   0.009   0.005   0.000   0.006   0.012   0.018\n",
      "DEBUG:openmmtools.multistate.multistateanalyzer:   0.023   0.022   0.020   0.016   0.014   0.013   0.010   0.006   0.000   0.007   0.014\n",
      "DEBUG:openmmtools.multistate.multistateanalyzer:   0.026   0.025   0.023   0.020   0.018   0.018   0.015   0.012   0.007   0.000   0.008\n",
      "DEBUG:openmmtools.multistate.multistateanalyzer:   0.029   0.028   0.027   0.024   0.022   0.022   0.020   0.018   0.014   0.008   0.000\n",
      "/home/dominic/anaconda3/envs/openmm/lib/python3.6/site-packages/openmmtools-0.18.3-py3.6-linux-x86_64.egg/openmmtools/multistate/multistatereporter.py:116: UserWarning: Warning: The openmmtools.multistate API is experimental and may change in future releases\n",
      "  warnings.warn('Warning: The openmmtools.multistate API is experimental and may change in future releases')\n",
      "DEBUG:openmmtools.multistate.multistatereporter:Initial checkpoint file automatically chosen as THR_ALA.vac.default_map_checkpoint.nc\n",
      "/home/dominic/anaconda3/envs/openmm/lib/python3.6/site-packages/openmmtools-0.18.3-py3.6-linux-x86_64.egg/openmmtools/multistate/multistateanalyzer.py:1175: UserWarning: Warning: The openmmtools.multistate API is experimental and may change in future releases\n",
      "  warnings.warn('Warning: The openmmtools.multistate API is experimental and may change in future releases')\n",
      "WARNING:openmmtools.multistate.multistatereporter:Could not locate checkpoint subfile. This is okay for analysis if the solvent trajectory is not needed, but not for production simulation!\n",
      "DEBUG:openmmtools.multistate.multistatereporter:checkpoint_interval != on-file checkpoint interval! Using on file analysis interval of 100.\n",
      "DEBUG:openmmtools.multistate.multistatereporter:analysis_particle_indices != on-file analysis_particle_indices!Using on file analysis indices of [ 0  1  2  3  4  5  6  7  8  9 10 11 12 13 14 15 16 17 18 19 26 27 28 29\n",
      " 20 21 22 23 24 25]\n",
      "DEBUG:openmmtools.multistate.multistateanalyzer:Checking if we need to unbias the restraint...\n",
      "DEBUG:openmmtools.multistate.multistateanalyzer:Trying to get radially symmetric restraint data...\n",
      "DEBUG:openmmtools.multistate.multistateanalyzer:Retrieving end thermodynamic states...\n",
      "DEBUG:openmmtools.multistate.multistateanalyzer:Isolating restraint force...\n",
      "DEBUG:openmmtools.multistate.multistateanalyzer:No force of type <class 'openmmtools.forces.RadiallySymmetricRestraintForce'> could be found. The restraint will not be unbiased.\n",
      "DEBUG:openmmtools.multistate.multistateanalyzer:Reading energies...\n",
      "DEBUG:openmmtools.multistate.multistatereporter:read_replica_thermodynamic_states: iteration = [    0     1     2 ...  9998  9999 10000]\n",
      "DEBUG:openmmtools.multistate.multistateanalyzer:Done.\n",
      "DEBUG:openmmtools.multistate.multistateanalyzer:Assembling effective timeseries...\n",
      "DEBUG:openmmtools.multistate.multistateanalyzer:Done.\n",
      "DEBUG:openmmtools.multistate.multistateanalyzer:Could not find t0: None of the requested keys could be found on disk!\n",
      "DEBUG:openmmtools.multistate.multistateanalyzer:Equilibration data:\n",
      "DEBUG:openmmtools.multistate.multistateanalyzer: number of iterations discarded to equilibration : 1\n",
      "DEBUG:openmmtools.multistate.multistateanalyzer: statistical inefficiency of production region   : 1.7840732336044312\n",
      "DEBUG:openmmtools.multistate.multistateanalyzer: effective number of uncorrelated samples        : 5605.71142578125\n",
      "DEBUG:openmmtools.multistate.multistateanalyzer:Assembling uncorrelated energies...\n",
      "DEBUG:openmmtools.multistate.multistateanalyzer:Done.\n",
      "DEBUG:openmmtools.multistate.multistateanalyzer:Computing free energy differences...\n",
      "DEBUG:openmmtools.multistate.multistateanalyzer:Done.\n",
      "DEBUG:openmmtools.multistate.multistateanalyzer:Computing covariance matrix...\n",
      "DEBUG:openmmtools.multistate.multistateanalyzer:Deltaf_ij:\n",
      "DEBUG:openmmtools.multistate.multistateanalyzer:   0.000 -12.432 -24.548 -36.094 -46.868 -56.754 -57.099 -58.143 -60.248 -61.496 -62.006\n",
      "DEBUG:openmmtools.multistate.multistateanalyzer:  12.432   0.000 -12.115 -23.662 -34.436 -44.322 -44.666 -45.711 -47.816 -49.063 -49.574\n",
      "DEBUG:openmmtools.multistate.multistateanalyzer:  24.548  12.115   0.000 -11.546 -22.320 -32.206 -32.551 -33.595 -35.700 -36.948 -37.458\n",
